Timestamp;cpu.wait_perc;predict
1473837573.0;11.9;14.4219254255
1473837603.0;13.3;16.5389155149
1473837633.0;10.4;10.3849087954
1473837663.0;11.0;12.6052354574
1473837693.0;13.3;16.5389155149
1473837723.0;13.3;16.5389155149
1473837753.0;13.1;16.2666921616
1473837783.0;14.8;18.3257375956
1473837813.0;13.8;17.1816860437
1473837843.0;10.4;10.3849087954
1473837873.0;10.5;10.7670311928
1473837903.0;10.6;11.1442630291
1473837933.0;10.5;10.7670311928
1473837963.0;10.4;10.3849087954
1473837993.0;12.3;15.0804226398
1473838023.0;14.6;18.1105052233
1473838053.0;15.2;18.7380467653
1473838083.0;15.1;18.6371539831
1473838113.0;14.5;18.0004810095
1473838143.0;14.7;18.2189081907
1473838173.0;14.8;18.3257375956
1473838203.0;13.4;16.6716759205
1473838233.0;11.6;13.8958905935
1473838263.0;12.3;15.0804226398
1473838293.0;10.6;11.1442630291
1473838323.0;10.8;11.8842576742
1473838353.0;10.4;10.3849087954
1473838383.0;10.3;9.99786901474
1473838413.0;11.9;14.4219254255
1473838443.0;12.1;14.7570585012
1473838473.0;10.5;10.7670311928
1473838503.0;10.3;9.99786901474
1473838533.0;10.4;10.3849087954
1473838563.0;10.5;10.7670311928
1473838593.0;10.5;10.7670311928
1473838623.0;11.7;14.0744392872
1473838653.0;12.5;15.3925572634
1473838683.0;13.0;16.127142787
1473838713.0;10.7;11.5166609287
1473838743.0;10.7;11.5166609287
1473838773.0;10.4;10.3849087954
1473838803.0;10.5;10.7670311928
1473838833.0;13.4;16.6716759205
1473838863.0;16.0;19.4976453781
1473838893.0;15.0;18.5348277092
1473838923.0;10.2;9.60587310791
1473838953.0;10.4;10.3849087954
1473838983.0;10.9;12.2471009493
1473839013.0;10.8;11.8842576742
1473839043.0;13.7;17.0572404861
1473839073.0;14.3;17.7754347324
1473839103.0;10.8;11.8842576742
1473839133.0;10.8;11.8842576742
1473839163.0;10.5;10.7670311928
1473839193.0;12.4;15.2378593683
1473839223.0;10.3;9.99786901474
1473839253.0;13.9;17.3041646481
1473839283.0;15.5;19.0324817896
1473839313.0;14.4;17.8888027668
1473839343.0;10.8;11.8842576742
1473839373.0;10.5;10.7670311928
1473839403.0;10.6;11.1442630291
1473839433.0;10.7;11.5166609287
1473839463.0;14.5;18.0004810095
1473839493.0;15.8;19.3152402639
1473839523.0;14.1;17.5434445143
1473839553.0;10.2;9.60587310791
1473839583.0;10.5;10.7670311928
1473839613.0;10.6;11.1442630291
1473839643.0;10.3;9.99786901474
1473839673.0;14.7;18.2189081907
1473839703.0;15.2;18.7380467653
1473839733.0;14.9;18.431035161
1473839763.0;10.6;11.1442630291
1473839793.0;10.6;11.1442630291
1473839823.0;10.5;10.7670311928
1473839853.0;10.5;10.7670311928
1473839883.0;14.3;17.7754347324
1473839913.0;12.7;15.6939809322
1473839943.0;10.6;11.1442630291
1473839973.0;10.7;11.5166609287
1473840003.0;10.9;12.2471009493
1473840033.0;10.2;9.60587310791
1473840063.0;10.8;11.8842576742
1473840093.0;13.8;17.1816860437
1473840123.0;11.3;13.3400444984
1473840153.0;10.6;11.1442630291
1473840183.0;10.5;10.7670311928
1473840213.0;10.7;11.5166609287
1473840243.0;10.7;11.5166609287
1473840273.0;10.7;11.5166609287
1473840303.0;11.0;12.6052354574
1473840333.0;10.4;10.3849087954
1473840363.0;11.0;12.6052354574
1473840393.0;10.7;11.5166609287
1473840423.0;10.5;10.7670311928
1473840453.0;10.5;10.7670311928
1473840483.0;11.2;13.1477688551
1473840513.0;11.3;13.3400444984
1473840543.0;10.4;10.3849087954
1473840573.0;10.8;11.8842576742
1473840603.0;10.8;11.8842576742
1473840633.0;10.5;10.7670311928
1473840663.0;10.4;10.3849087954
1473840693.0;13.8;17.1816860437
1473840723.0;11.4;13.5287736654
1473840753.0;10.5;10.7670311928
1473840783.0;10.7;11.5166609287
1473840813.0;10.4;10.3849087954
1473840843.0;10.4;10.3849087954
1473840873.0;10.6;11.1442630291
1473840903.0;12.4;15.2378593683
1473840933.0;15.5;19.0324817896
1473840963.0;16.0;19.4976453781
1473840993.0;15.3;18.8375418186
1473841023.0;15.1;18.6371539831
1473841053.0;15.0;18.5348277092
1473841083.0;10.6;11.1442630291
1473841113.0;12.2;14.9201815128
1473841143.0;15.0;18.5348277092
1473841173.0;15.8;19.3152402639
1473841203.0;15.4;18.935677886
1473841233.0;10.8;11.8842576742
1473841263.0;10.4;10.3849087954
1473841293.0;10.3;9.99786901474
1473841323.0;12.6;15.5445789099
1473841353.0;15.4;18.935677886
1473841383.0;15.2;18.7380467653
1473841413.0;15.0;18.5348277092
1473841443.0;10.3;9.99786901474
1473841473.0;10.7;11.5166609287
1473841503.0;10.4;10.3849087954
1473841533.0;12.7;15.6939809322
1473841563.0;15.1;18.6371539831
1473841593.0;14.9;18.431035161
1473841623.0;15.1;18.6371539831
1473841653.0;10.8;11.8842576742
1473841683.0;10.3;9.99786901474
1473841713.0;10.6;11.1442630291
1473841743.0;13.1;16.2666921616
1473841773.0;15.5;19.0324817896
1473841803.0;14.4;17.8888027668
1473841833.0;10.6;11.1442630291
1473841863.0;10.3;9.99786901474
1473841893.0;10.8;11.8842576742
1473841923.0;10.6;11.1442630291
1473841953.0;13.2;16.4039288759
1473841983.0;15.1;18.6371539831
1473842013.0;10.5;10.7670311928
1473842043.0;10.2;9.60587310791
1473842073.0;10.3;9.99786901474
1473842103.0;10.8;11.8842576742
1473842133.0;10.3;9.99786901474
1473842163.0;13.7;17.0572404861
1473842193.0;15.5;19.0324817896
1473842223.0;10.7;11.5166609287
1473842253.0;10.2;9.60587310791
1473842283.0;10.4;10.3849087954
1473842313.0;10.2;9.60587310791
1473842343.0;10.1;9.20889127254
1473842373.0;13.4;16.6716759205
1473842403.0;12.9;15.9852062464
1473842433.0;12.1;14.7570585012
1473842463.0;13.1;16.2666921616
1473842493.0;13.2;16.4039288759
1473842523.0;13.5;16.8022845984
1473842553.0;10.9;12.2471009493
1473842583.0;13.7;17.0572404861
1473842613.0;13.7;17.0572404861
1473842643.0;13.2;16.4039288759
1473842673.0;13.7;17.0572404861
1473842704.0;15.2;18.7380467653
1473842733.0;10.9;12.2471009493
1473842763.0;10.6;11.1442630291
1473842793.0;14.2;17.6603292227
1473842823.0;11.3;13.3400444984
1473842853.0;10.7;11.5166609287
1473842883.0;10.7;11.5166609287
1473842913.0;12.4;15.2378593683
1473842943.0;10.5;10.7670311928
1473842973.0;10.5;10.7670311928
1473843003.0;10.8;11.8842576742
1473843033.0;13.6;16.9307922125
1473843063.0;11.2;13.1477688551
1473843094.0;10.4;10.3849087954
1473843123.0;10.5;10.7670311928
1473843153.0;10.7;11.5166609287
1473843183.0;10.5;10.7670311928
1473843213.0;14.8;18.3257375956
1473843243.0;15.2;18.7380467653
1473843273.0;15.7;19.2222361565
1473843303.0;11.2;13.1477688551
1473843333.0;10.8;11.8842576742
1473843363.0;10.5;10.7670311928
1473843393.0;10.7;11.5166609287
1473843423.0;15.2;18.7380467653
1473843453.0;11.6;13.8958905935
1473843483.0;10.7;11.5166609287
1473843513.0;11.7;14.0744392872
1473843543.0;11.2;13.1477688551
1473843573.0;10.7;11.5166609287
1473843603.0;10.9;12.2471009493
1473843633.0;15.4;18.935677886
1473843663.0;14.9;18.431035161
1473843693.0;11.7;14.0744392872
1473843723.0;10.6;11.1442630291
1473843753.0;10.6;11.1442630291
1473843783.0;10.7;11.5166609287
1473843813.0;11.3;13.3400444984
1473843843.0;12.3;15.0804226398
1473843873.0;11.2;13.1477688551
1473843903.0;10.5;10.7670311928
1473843933.0;10.5;10.7670311928
1473843963.0;10.6;11.1442630291
1473843993.0;10.5;10.7670311928
1473844023.0;11.3;13.3400444984
1473844053.0;12.0;14.5909969807
1473844083.0;11.2;13.1477688551
1473844113.0;10.3;9.99786901474
1473844143.0;10.5;10.7670311928
1473844173.0;10.7;11.5166609287
1473844203.0;10.6;11.1442630291
1473844233.0;12.0;14.5909969807
1473844263.0;12.6;15.5445789099
1473844293.0;11.4;13.5287736654
1473844323.0;10.5;10.7670311928
1473844353.0;11.5;13.7140249014
1473844383.0;12.6;15.5445789099
1473844413.0;13.6;16.9307922125
1473844443.0;12.7;15.6939809322
1473844473.0;12.3;15.0804226398
1473844503.0;11.6;13.8958905935
1473844533.0;10.8;11.8842576742
1473844563.0;10.2;9.60587310791
1473844593.0;10.6;11.1442630291
1473844623.0;10.7;11.5166609287
1473844653.0;12.4;15.2378593683
1473844683.0;12.8;15.8408437967
1473844713.0;12.7;15.6939809322
1473844743.0;11.3;13.3400444984
1473844773.0;10.5;10.7670311928
1473844803.0;10.9;12.2471009493
1473844833.0;10.4;10.3849087954
1473844863.0;12.2;14.9201815128
1473844893.0;13.7;17.0572404861
1473844923.0;13.0;16.127142787
1473844953.0;13.2;16.4039288759
1473844983.0;12.9;15.9852062464
1473845013.0;11.0;12.6052354574
1473845043.0;10.2;9.60587310791
1473845073.0;13.1;16.2666921616
1473845103.0;15.3;18.8375418186
1473845133.0;15.6;19.1279922724
1473845163.0;15.6;19.1279922724
1473845193.0;15.5;19.0324817896
1473845223.0;12.1;14.7570585012
1473845253.0;10.1;9.20889127254
1473845283.0;12.9;15.9852062464
1473845313.0;15.0;18.5348277092
1473845343.0;14.8;18.3257375956
1473845373.0;15.0;18.5348277092
1473845403.0;12.2;14.9201815128
1473845433.0;10.6;11.1442630291
1473845463.0;10.7;11.5166609287
1473845493.0;13.4;16.6716759205
1473845523.0;12.7;15.6939809322
1473845553.0;10.5;10.7670311928
1473845583.0;10.8;11.8842576742
1473845613.0;11.0;12.6052354574
1473845643.0;10.3;9.99786901474
1473845673.0;10.6;11.1442630291
1473845703.0;13.4;16.6716759205
1473845733.0;15.6;19.1279922724
1473845763.0;12.1;14.7570585012
1473845793.0;10.8;11.8842576742
1473845823.0;10.6;11.1442630291
1473845853.0;11.0;12.6052354574
1473845884.0;10.7;11.5166609287
1473845913.0;14.0;17.4247448444
1473845943.0;15.5;19.0324817896
1473845973.0;15.5;19.0324817896
1473846003.0;12.5;15.3925572634
1473846033.0;11.4;13.5287736654
1473846064.0;12.4;15.2378593683
1473846093.0;10.6;11.1442630291
1473846123.0;14.1;17.5434445143
1473846153.0;12.3;15.0804226398
1473846183.0;10.6;11.1442630291
1473846214.0;10.6;11.1442630291
1473846243.0;10.4;10.3849087954
1473846273.0;10.3;9.99786901474
1473846304.0;10.2;9.60587310791
1473846334.0;11.8;14.2497574091
1473846364.0;11.7;14.0744392872
1473846393.0;10.7;11.5166609287
1473846424.0;10.5;10.7670311928
1473846453.0;10.6;11.1442630291
1473846484.0;10.6;11.1442630291
1473846513.0;10.5;10.7670311928
1473846543.0;14.8;18.3257375956
1473846573.0;12.7;15.6939809322
1473846604.0;10.5;10.7670311928
1473846634.0;10.7;11.5166609287
1473846664.0;13.2;16.4039288759
1473846693.0;13.3;16.5389155149
1473846724.0;11.6;13.8958905935
1473846753.0;12.5;15.3925572634
1473846784.0;11.7;14.0744392872
1473846814.0;10.6;11.1442630291
1473846844.0;10.6;11.1442630291
1473846874.0;10.7;11.5166609287
1473846904.0;12.7;15.6939809322
1473846934.0;11.0;12.6052354574
1473846963.0;12.7;15.6939809322
1473846994.0;13.3;16.5389155149
1473847024.0;13.6;16.9307922125
1473847054.0;11.7;14.0744392872
1473847084.0;10.4;10.3849087954
1473847114.0;10.9;12.2471009493
1473847144.0;10.8;11.8842576742
1473847174.0;14.0;17.4247448444
1473847204.0;15.1;18.6371539831
1473847234.0;15.0;18.5348277092
1473847264.0;15.3;18.8375418186
1473847294.0;13.0;16.127142787
1473847324.0;10.3;9.99786901474
1473847354.0;11.3;13.3400444984
1473847384.0;15.8;19.3152402639
1473847414.0;13.2;16.4039288759
1473847444.0;10.4;10.3849087954
1473847474.0;10.3;9.99786901474
1473847504.0;10.7;11.5166609287
1473847534.0;10.3;9.99786901474
1473847564.0;11.0;12.6052354574
1473847594.0;13.9;17.3041646481
1473847624.0;13.3;16.5389155149
1473847654.0;11.7;14.0744392872
1473847684.0;10.4;10.3849087954
1473847714.0;11.7;14.0744392872
1473847744.0;14.8;18.3257375956
1473847774.0;14.6;18.1105052233
1473847804.0;13.7;17.0572404861
1473847834.0;11.5;13.7140249014
1473847864.0;10.5;10.7670311928
1473847894.0;10.3;9.99786901474
1473847924.0;10.5;10.7670311928
1473847954.0;10.6;11.1442630291
1473847984.0;11.6;13.8958905935
1473848014.0;15.1;18.6371539831
1473848044.0;12.5;15.3925572634
1473848074.0;10.1;9.20889127254
1473848104.0;10.3;9.99786901474
1473848134.0;11.2;13.1477688551
1473848164.0;13.3;16.5389155149
1473848194.0;14.2;17.6603292227
1473848224.0;13.9;17.3041646481
1473848254.0;10.3;9.99786901474
1473848284.0;10.3;9.99786901474
1473848314.0;10.2;9.60587310791
1473848344.0;10.4;10.3849087954
1473848374.0;10.4;10.3849087954
1473848404.0;12.3;15.0804226398
1473848434.0;13.2;16.4039288759
1473848464.0;10.8;11.8842576742
1473848494.0;10.5;10.7670311928
1473848524.0;10.9;12.2471009493
1473848554.0;11.9;14.4219254255
1473848584.0;13.0;16.127142787
1473848614.0;12.5;15.3925572634
1473848644.0;13.1;16.2666921616
1473848674.0;10.6;11.1442630291
1473848704.0;10.2;9.60587310791
1473848734.0;10.6;11.1442630291
1473848764.0;10.7;11.5166609287
1473848794.0;10.7;11.5166609287
1473848824.0;11.7;14.0744392872
1473848854.0;11.6;13.8958905935
1473848884.0;12.5;15.3925572634
1473848914.0;13.3;16.5389155149
1473848944.0;12.1;14.7570585012
1473848974.0;10.2;9.60587310791
1473849004.0;10.7;11.5166609287
1473849034.0;13.8;17.1816860437
1473849064.0;15.6;19.1279922724
1473849094.0;15.1;18.6371539831
1473849124.0;15.6;19.1279922724
1473849154.0;14.8;18.3257375956
1473849184.0;13.6;16.9307922125
1473849214.0;10.5;10.7670311928
1473849244.0;12.2;14.9201815128
1473849274.0;12.8;15.8408437967
1473849304.0;13.3;16.5389155149
1473849334.0;12.7;15.6939809322
1473849364.0;13.2;16.4039288759
1473849394.0;12.3;15.0804226398
1473849424.0;11.4;13.5287736654
1473849454.0;15.2;18.7380467653
1473849484.0;15.3;18.8375418186
1473849514.0;15.3;18.8375418186
1473849544.0;13.8;17.1816860437
1473849574.0;10.4;10.3849087954
1473849604.0;10.8;11.8842576742
1473849634.0;13.3;16.5389155149
1473849664.0;15.2;18.7380467653
1473849694.0;15.6;19.1279922724
1473849724.0;15.1;18.6371539831
1473849754.0;13.9;17.3041646481
1473849784.0;10.5;10.7670311928
1473849814.0;10.4;10.3849087954
1473849844.0;10.6;11.1442630291
1473849874.0;14.0;17.4247448444
1473849904.0;15.1;18.6371539831
1473849934.0;13.6;16.9307922125
1473849964.0;13.0;16.127142787
1473849994.0;13.4;16.6716759205
1473850024.0;13.2;16.4039288759
1473850054.0;12.7;15.6939809322
1473850084.0;14.6;18.1105052233
1473850114.0;15.2;18.7380467653
1473850144.0;14.1;17.5434445143
1473850174.0;10.5;10.7670311928
1473850204.0;10.4;10.3849087954
1473850234.0;10.2;9.60587310791
1473850264.0;10.9;12.2471009493
1473850294.0;13.4;16.6716759205
1473850324.0;12.4;15.2378593683
1473850354.0;10.6;11.1442630291
1473850384.0;11.7;14.0744392872
1473850414.0;12.4;15.2378593683
1473850444.0;10.3;9.99786901474
1473850474.0;10.5;10.7670311928
1473850504.0;14.0;17.4247448444
1473850534.0;12.7;15.6939809322
1473850564.0;12.8;15.8408437967
1473850594.0;13.5;16.8022845984
1473850624.0;12.9;15.9852062464
1473850654.0;10.5;10.7670311928
1473850684.0;10.8;11.8842576742
1473850714.0;14.5;18.0004810095
1473850744.0;13.7;17.0572404861
1473850774.0;13.0;16.127142787
1473850804.0;13.6;16.9307922125
1473850834.0;13.5;16.8022845984
1473850864.0;12.8;15.8408437967
1473850894.0;11.2;13.1477688551
1473850924.0;14.1;17.5434445143
1473850954.0;15.3;18.8375418186
1473850984.0;15.3;18.8375418186
1473851014.0;15.6;19.1279922724
1473851044.0;15.4;18.935677886
1473851074.0;13.4;16.6716759205
1473851104.0;10.6;11.1442630291
1473851134.0;15.1;18.6371539831
1473851164.0;16.2;19.6754490137
1473851194.0;15.5;19.0324817896
1473851224.0;15.0;18.5348277092
1473851254.0;14.3;17.7754347324
1473851284.0;10.5;10.7670311928
1473851314.0;11.3;13.3400444984
1473851344.0;14.6;18.1105052233
1473851374.0;15.6;19.1279922724
1473851404.0;15.2;18.7380467653
1473851434.0;15.2;18.7380467653
1473851464.0;14.7;18.2189081907
1473851494.0;10.8;11.8842576742
1473851524.0;11.4;13.5287736654
1473851554.0;14.7;18.2189081907
1473851584.0;10.4;10.3849087954
1473851614.0;11.1;12.9518573284
1473851644.0;10.4;10.3849087954
1473851674.0;10.7;11.5166609287
1473851704.0;10.3;9.99786901474
1473851734.0;11.6;13.8958905935
1473851764.0;14.7;18.2189081907
1473851794.0;10.2;9.60587310791
1473851824.0;10.3;9.99786901474
1473851854.0;11.0;12.6052354574
1473851884.0;10.7;11.5166609287
1473851914.0;10.6;11.1442630291
1473851944.0;12.2;14.9201815128
1473851974.0;15.2;18.7380467653
1473852004.0;14.6;18.1105052233
1473852034.0;10.3;9.99786901474
1473852064.0;10.3;9.99786901474
1473852094.0;10.5;10.7670311928
1473852124.0;11.1;12.9518573284
1473852154.0;12.3;15.0804226398
1473852184.0;14.4;17.8888027668
1473852214.0;10.6;11.1442630291
1473852244.0;10.4;10.3849087954
1473852274.0;10.3;9.99786901474
1473852304.0;10.6;11.1442630291
1473852334.0;10.7;11.5166609287
1473852364.0;12.4;15.2378593683
1473852394.0;14.7;18.2189081907
1473852424.0;12.4;15.2378593683
1473852454.0;10.7;11.5166609287
1473852484.0;10.6;11.1442630291
1473852514.0;10.5;10.7670311928
1473852544.0;11.0;12.6052354574
1473852574.0;12.7;15.6939809322
1473852604.0;11.8;14.2497574091
1473852634.0;11.9;14.4219254255
1473852664.0;10.3;9.99786901474
1473852694.0;10.1;9.20889127254
1473852724.0;10.5;10.7670311928
1473852754.0;10.4;10.3849087954
1473852784.0;13.1;16.2666921616
1473852814.0;14.4;17.8888027668
1473852844.0;10.4;10.3849087954
1473852874.0;10.6;11.1442630291
1473852904.0;10.5;10.7670311928
1473852934.0;10.1;9.20889127254
1473852964.0;10.4;10.3849087954
1473852994.0;13.0;16.127142787
1473853024.0;12.4;15.2378593683
1473853054.0;13.4;16.6716759205
1473853084.0;10.4;10.3849087954
1473853114.0;10.8;11.8842576742
1473853144.0;10.5;10.7670311928
1473853174.0;10.8;11.8842576742
1473853204.0;13.9;17.3041646481
1473853234.0;13.1;16.2666921616
1473853264.0;10.7;11.5166609287
1473853294.0;10.6;11.1442630291
1473853324.0;10.6;11.1442630291
1473853354.0;10.6;11.1442630291
1473853384.0;10.6;11.1442630291
1473853414.0;13.4;16.6716759205
1473853444.0;14.9;18.431035161
1473853474.0;15.3;18.8375418186
1473853504.0;15.6;19.1279922724
1473853534.0;14.8;18.3257375956
1473853564.0;10.7;11.5166609287
1473853594.0;10.4;10.3849087954
1473853624.0;14.5;18.0004810095
1473853654.0;10.9;12.2471009493
1473853684.0;10.4;10.3849087954
1473853714.0;10.3;9.99786901474
1473853744.0;10.4;10.3849087954
1473853774.0;10.5;10.7670311928
1473853804.0;10.4;10.3849087954
1473853834.0;14.1;17.5434445143
1473853864.0;14.8;18.3257375956
1473853894.0;15.2;18.7380467653
1473853924.0;10.6;11.1442630291
1473853954.0;10.2;9.60587310791
1473853984.0;10.7;11.5166609287
1473854014.0;10.5;10.7670311928
1473854044.0;10.8;11.8842576742
1473854074.0;12.9;15.9852062464
1473854104.0;12.2;14.9201815128
1473854134.0;13.2;16.4039288759
1473854164.0;13.1;16.2666921616
1473854194.0;13.4;16.6716759205
1473854224.0;13.8;17.1816860437
1473854254.0;15.3;18.8375418186
1473854284.0;11.0;12.6052354574
1473854314.0;10.5;10.7670311928
1473854344.0;10.6;11.1442630291
1473854374.0;10.8;11.8842576742
1473854404.0;10.3;9.99786901474
1473854434.0;10.8;11.8842576742
1473854464.0;11.8;14.2497574091
1473854494.0;10.7;11.5166609287
1473854524.0;10.3;9.99786901474
1473854554.0;10.7;11.5166609287
1473854584.0;10.7;11.5166609287
1473854614.0;10.6;11.1442630291
1473854644.0;11.2;13.1477688551
1473854674.0;11.8;14.2497574091
1473854704.0;10.9;12.2471009493
1473854734.0;10.8;11.8842576742
1473854764.0;10.8;11.8842576742
1473854794.0;10.5;10.7670311928
1473854824.0;10.8;11.8842576742
1473854854.0;11.3;13.3400444984
1473854884.0;12.1;14.7570585012
1473854914.0;13.2;16.4039288759
1473854944.0;13.5;16.8022845984
1473854974.0;13.1;16.2666921616
1473855004.0;13.3;16.5389155149
1473855034.0;13.5;16.8022845984
1473855064.0;12.4;15.2378593683
1473855094.0;11.9;14.4219254255
1473855124.0;13.1;16.2666921616
1473855154.0;13.3;16.5389155149
1473855184.0;13.7;17.0572404861
1473855214.0;13.8;17.1816860437
1473855244.0;10.9;12.2471009493
1473855274.0;11.9;14.4219254255
1473855304.0;12.5;15.3925572634
1473855334.0;15.5;19.0324817896
1473855364.0;15.2;18.7380467653
1473855394.0;14.9;18.431035161
1473855424.0;15.4;18.935677886
1473855454.0;12.0;14.5909969807
1473855484.0;12.1;14.7570585012
1473855514.0;15.9;19.4070284367
1473855544.0;11.9;14.4219254255
